
TS leverarms
"x": -0.0163, // <!--standard: -0.09   23.02.23: -0.0163, June24 Leverarm:  0.44145, BEFORE: -0.0163 --> 
"y":  0.0079, //<!--standard: 0.01595   23.02.23: 0.0079, June24 Leverarm: 0.01595, BEFORE: 0.0079 --> 
"z": -0.6795} //<!--vorher: -0.78125 23.02.23: -0.6795, June24 Leverarm: -0.31918, BEFORE: -0.6795-->